Dynamical matrix file
phonons at Gamma                                                           
  1    8  0 10.3312120  0.0000000  0.0000000  0.0000000  0.0000000  0.0000000
Basis vectors
      1.000000000    0.000000000    0.000000000
      0.000000000    1.000000000    0.000000000
      0.000000000    0.000000000    1.000000000
           1  'Si  '    25598.822984527003     
    1    1      0.0000000000      0.0000000000      0.0000000000
    2    1      0.5000000000      0.5000000000      0.0000000000
    3    1      0.0000000000      0.5000000000      0.5000000000
    4    1      0.5000000000      0.0000000000      0.5000000000
    5    1      0.2500000000      0.2500000000      0.2500000000
    6    1      0.7500000000      0.7500000000      0.2500000000
    7    1      0.2500000000      0.7500000000      0.7500000000
    8    1      0.7500000000      0.2500000000      0.7500000000

     Dynamical  Matrix in cartesian axes

     q = (    0.000000000   0.000000000   0.000000000 ) 

    1    1
  0.27107994  0.00000000    0.00000000  0.00000000    0.00000000  0.00000000
  0.00000000  0.00000000    0.27107994  0.00000000    0.00000000  0.00000000
  0.00000000  0.00000000    0.00000000  0.00000000    0.27107994  0.00000000
    1    2
 -0.01992339  0.00000000    0.00000000  0.00000000    0.00000000  0.00000000
  0.00000000  0.00000000   -0.01992339  0.00000000    0.00000000  0.00000000
  0.00000000  0.00000000    0.00000000  0.00000000    0.03318220  0.00000000
    1    3
  0.03318220  0.00000000    0.00000000  0.00000000    0.00000000  0.00000000
  0.00000000  0.00000000   -0.01992339  0.00000000    0.00000000  0.00000000
  0.00000000  0.00000000    0.00000000  0.00000000   -0.01992339  0.00000000
    1    4
 -0.01992339  0.00000000    0.00000000  0.00000000    0.00000000  0.00000000
  0.00000000  0.00000000    0.03318220  0.00000000    0.00000000  0.00000000
  0.00000000  0.00000000    0.00000000  0.00000000   -0.01992339  0.00000000
    1    5
 -0.06639248  0.00000000   -0.04848083  0.00000000   -0.04848083  0.00000000
 -0.04848083  0.00000000   -0.06639248  0.00000000   -0.04848083  0.00000000
 -0.04848083  0.00000000   -0.04848083  0.00000000   -0.06639248  0.00000000
    1    6
 -0.06639248  0.00000000   -0.04848083  0.00000000    0.04848083  0.00000000
 -0.04848083  0.00000000   -0.06639248  0.00000000    0.04848083  0.00000000
  0.04848083  0.00000000    0.04848083  0.00000000   -0.06639248  0.00000000
    1    7
 -0.06639248  0.00000000    0.04848083  0.00000000    0.04848083  0.00000000
  0.04848083  0.00000000   -0.06639248  0.00000000   -0.04848083  0.00000000
  0.04848083  0.00000000   -0.04848083  0.00000000   -0.06639248  0.00000000
    1    8
 -0.06639248  0.00000000    0.04848083  0.00000000   -0.04848083  0.00000000
  0.04848083  0.00000000   -0.06639248  0.00000000    0.04848083  0.00000000
 -0.04848083  0.00000000    0.04848083  0.00000000   -0.06639248  0.00000000
    2    1
 -0.01992339  0.00000000    0.00000000  0.00000000    0.00000000  0.00000000
  0.00000000  0.00000000   -0.01992339  0.00000000    0.00000000  0.00000000
  0.00000000  0.00000000    0.00000000  0.00000000    0.03318220  0.00000000
    2    2
  0.27048690  0.00000000    0.00000000  0.00000000    0.00000000  0.00000000
  0.00000000  0.00000000    0.27048690  0.00000000    0.00000000  0.00000000
  0.00000000  0.00000000    0.00000000  0.00000000    0.27188474  0.00000000
    2    3
 -0.01756684  0.00000000    0.00000000  0.00000000    0.00000000  0.00000000
  0.00000000  0.00000000    0.03502494  0.00000000    0.00000000  0.00000000
  0.00000000  0.00000000    0.00000000  0.00000000   -0.01756684  0.00000000
    2    4
  0.03502494  0.00000000    0.00000000  0.00000000    0.00000000  0.00000000
  0.00000000  0.00000000   -0.01756684  0.00000000    0.00000000  0.00000000
  0.00000000  0.00000000    0.00000000  0.00000000   -0.01756684  0.00000000
    2    5
 -0.06738022  0.00000000   -0.04712781  0.00000000    0.04842082  0.00000000
 -0.04712781  0.00000000   -0.06738022  0.00000000    0.04842082  0.00000000
  0.04850188  0.00000000    0.04850188  0.00000000   -0.06820776  0.00000000
    2    6
 -0.06738022  0.00000000   -0.04712781  0.00000000   -0.04842082  0.00000000
 -0.04712781  0.00000000   -0.06738022  0.00000000   -0.04842082  0.00000000
 -0.04850188  0.00000000   -0.04850188  0.00000000   -0.06820776  0.00000000
    2    7
 -0.06738022  0.00000000    0.04712781  0.00000000   -0.04842082  0.00000000
  0.04712781  0.00000000   -0.06738022  0.00000000    0.04842082  0.00000000
 -0.04850188  0.00000000    0.04850188  0.00000000   -0.06820776  0.00000000
    2    8
 -0.06738022  0.00000000    0.04712781  0.00000000    0.04842082  0.00000000
  0.04712781  0.00000000   -0.06738022  0.00000000   -0.04842082  0.00000000
  0.04850188  0.00000000   -0.04850188  0.00000000   -0.06820776  0.00000000
    3    1
  0.03318220  0.00000000    0.00000000  0.00000000    0.00000000  0.00000000
  0.00000000  0.00000000   -0.01992339  0.00000000    0.00000000  0.00000000
  0.00000000  0.00000000    0.00000000  0.00000000   -0.01992339  0.00000000
    3    2
 -0.01756684  0.00000000    0.00000000  0.00000000    0.00000000  0.00000000
  0.00000000  0.00000000    0.03502494  0.00000000    0.00000000  0.00000000
  0.00000000  0.00000000    0.00000000  0.00000000   -0.01756684  0.00000000
    3    3
  0.27188474  0.00000000    0.00000000  0.00000000    0.00000000  0.00000000
  0.00000000  0.00000000    0.27048690  0.00000000    0.00000000  0.00000000
  0.00000000  0.00000000    0.00000000  0.00000000    0.27048690  0.00000000
    3    4
 -0.01756684  0.00000000    0.00000000  0.00000000    0.00000000  0.00000000
  0.00000000  0.00000000   -0.01756684  0.00000000    0.00000000  0.00000000
  0.00000000  0.00000000    0.00000000  0.00000000    0.03502494  0.00000000
    3    5
 -0.06820776  0.00000000    0.04850188  0.00000000    0.04850188  0.00000000
  0.04842082  0.00000000   -0.06738022  0.00000000   -0.04712781  0.00000000
  0.04842082  0.00000000   -0.04712781  0.00000000   -0.06738022  0.00000000
    3    6
 -0.06820776  0.00000000    0.04850188  0.00000000   -0.04850188  0.00000000
  0.04842082  0.00000000   -0.06738022  0.00000000    0.04712781  0.00000000
 -0.04842082  0.00000000    0.04712781  0.00000000   -0.06738022  0.00000000
    3    7
 -0.06820776  0.00000000   -0.04850188  0.00000000   -0.04850188  0.00000000
 -0.04842082  0.00000000   -0.06738022  0.00000000   -0.04712781  0.00000000
 -0.04842082  0.00000000   -0.04712781  0.00000000   -0.06738022  0.00000000
    3    8
 -0.06820776  0.00000000   -0.04850188  0.00000000    0.04850188  0.00000000
 -0.04842082  0.00000000   -0.06738022  0.00000000    0.04712781  0.00000000
  0.04842082  0.00000000    0.04712781  0.00000000   -0.06738022  0.00000000
    4    1
 -0.01992339  0.00000000    0.00000000  0.00000000    0.00000000  0.00000000
  0.00000000  0.00000000    0.03318220  0.00000000    0.00000000  0.00000000
  0.00000000  0.00000000    0.00000000  0.00000000   -0.01992339  0.00000000
    4    2
  0.03502494  0.00000000    0.00000000  0.00000000    0.00000000  0.00000000
  0.00000000  0.00000000   -0.01756684  0.00000000    0.00000000  0.00000000
  0.00000000  0.00000000    0.00000000  0.00000000   -0.01756684  0.00000000
    4    3
 -0.01756684  0.00000000    0.00000000  0.00000000    0.00000000  0.00000000
  0.00000000  0.00000000   -0.01756684  0.00000000    0.00000000  0.00000000
  0.00000000  0.00000000    0.00000000  0.00000000    0.03502494  0.00000000
    4    4
  0.27048690  0.00000000    0.00000000  0.00000000    0.00000000  0.00000000
  0.00000000  0.00000000    0.27188474  0.00000000    0.00000000  0.00000000
  0.00000000  0.00000000    0.00000000  0.00000000    0.27048690  0.00000000
    4    5
 -0.06738022  0.00000000    0.04842082  0.00000000   -0.04712781  0.00000000
  0.04850188  0.00000000   -0.06820776  0.00000000    0.04850188  0.00000000
 -0.04712781  0.00000000    0.04842082  0.00000000   -0.06738022  0.00000000
    4    6
 -0.06738022  0.00000000    0.04842082  0.00000000    0.04712781  0.00000000
  0.04850188  0.00000000   -0.06820776  0.00000000   -0.04850188  0.00000000
  0.04712781  0.00000000   -0.04842082  0.00000000   -0.06738022  0.00000000
    4    7
 -0.06738022  0.00000000   -0.04842082  0.00000000    0.04712781  0.00000000
 -0.04850188  0.00000000   -0.06820776  0.00000000    0.04850188  0.00000000
  0.04712781  0.00000000    0.04842082  0.00000000   -0.06738022  0.00000000
    4    8
 -0.06738022  0.00000000   -0.04842082  0.00000000   -0.04712781  0.00000000
 -0.04850188  0.00000000   -0.06820776  0.00000000   -0.04850188  0.00000000
 -0.04712781  0.00000000   -0.04842082  0.00000000   -0.06738022  0.00000000
    5    1
 -0.06639248  0.00000000   -0.04848083  0.00000000   -0.04848083  0.00000000
 -0.04848083  0.00000000   -0.06639248  0.00000000   -0.04848083  0.00000000
 -0.04848083  0.00000000   -0.04848083  0.00000000   -0.06639248  0.00000000
    5    2
 -0.06738022  0.00000000   -0.04712781  0.00000000    0.04850188  0.00000000
 -0.04712781  0.00000000   -0.06738022  0.00000000    0.04850188  0.00000000
  0.04842082  0.00000000    0.04842082  0.00000000   -0.06820776  0.00000000
    5    3
 -0.06820776  0.00000000    0.04842082  0.00000000    0.04842082  0.00000000
  0.04850188  0.00000000   -0.06738022  0.00000000   -0.04712781  0.00000000
  0.04850188  0.00000000   -0.04712781  0.00000000   -0.06738022  0.00000000
    5    4
 -0.06738022  0.00000000    0.04850188  0.00000000   -0.04712781  0.00000000
  0.04842082  0.00000000   -0.06820776  0.00000000    0.04842082  0.00000000
 -0.04712781  0.00000000    0.04850188  0.00000000   -0.06738022  0.00000000
    5    5
  0.26983479  0.00000000   -0.00053054  0.00000000   -0.00053054  0.00000000
 -0.00053054  0.00000000    0.26983479  0.00000000   -0.00053054  0.00000000
 -0.00053054  0.00000000   -0.00053054  0.00000000    0.26983479  0.00000000
    5    6
 -0.01981162  0.00000000   -0.00126201  0.00000000   -0.00036143  0.00000000
 -0.00126201  0.00000000   -0.01981162  0.00000000   -0.00036143  0.00000000
  0.00036143  0.00000000    0.00036143  0.00000000    0.03290448  0.00000000
    5    7
  0.03290448  0.00000000    0.00036143  0.00000000    0.00036143  0.00000000
 -0.00036143  0.00000000   -0.01981162  0.00000000   -0.00126201  0.00000000
 -0.00036143  0.00000000   -0.00126201  0.00000000   -0.01981162  0.00000000
    5    8
 -0.01981162  0.00000000   -0.00036143  0.00000000   -0.00126201  0.00000000
  0.00036143  0.00000000    0.03290448  0.00000000    0.00036143  0.00000000
 -0.00126201  0.00000000   -0.00036143  0.00000000   -0.01981162  0.00000000
    6    1
 -0.06639248  0.00000000   -0.04848083  0.00000000    0.04848083  0.00000000
 -0.04848083  0.00000000   -0.06639248  0.00000000    0.04848083  0.00000000
  0.04848083  0.00000000    0.04848083  0.00000000   -0.06639248  0.00000000
    6    2
 -0.06738022  0.00000000   -0.04712781  0.00000000   -0.04850188  0.00000000
 -0.04712781  0.00000000   -0.06738022  0.00000000   -0.04850188  0.00000000
 -0.04842082  0.00000000   -0.04842082  0.00000000   -0.06820776  0.00000000
    6    3
 -0.06820776  0.00000000    0.04842082  0.00000000   -0.04842082  0.00000000
  0.04850188  0.00000000   -0.06738022  0.00000000    0.04712781  0.00000000
 -0.04850188  0.00000000    0.04712781  0.00000000   -0.06738022  0.00000000
    6    4
 -0.06738022  0.00000000    0.04850188  0.00000000    0.04712781  0.00000000
  0.04842082  0.00000000   -0.06820776  0.00000000   -0.04842082  0.00000000
  0.04712781  0.00000000   -0.04850188  0.00000000   -0.06738022  0.00000000
    6    5
 -0.01981162  0.00000000   -0.00126201  0.00000000    0.00036143  0.00000000
 -0.00126201  0.00000000   -0.01981162  0.00000000    0.00036143  0.00000000
 -0.00036143  0.00000000   -0.00036143  0.00000000    0.03290448  0.00000000
    6    6
  0.26983479  0.00000000   -0.00053054  0.00000000    0.00053054  0.00000000
 -0.00053054  0.00000000    0.26983479  0.00000000    0.00053054  0.00000000
  0.00053054  0.00000000    0.00053054  0.00000000    0.26983479  0.00000000
    6    7
 -0.01981162  0.00000000   -0.00036143  0.00000000    0.00126201  0.00000000
  0.00036143  0.00000000    0.03290448  0.00000000   -0.00036143  0.00000000
  0.00126201  0.00000000    0.00036143  0.00000000   -0.01981162  0.00000000
    6    8
  0.03290448  0.00000000    0.00036143  0.00000000   -0.00036143  0.00000000
 -0.00036143  0.00000000   -0.01981162  0.00000000    0.00126201  0.00000000
  0.00036143  0.00000000    0.00126201  0.00000000   -0.01981162  0.00000000
    7    1
 -0.06639248  0.00000000    0.04848083  0.00000000    0.04848083  0.00000000
  0.04848083  0.00000000   -0.06639248  0.00000000   -0.04848083  0.00000000
  0.04848083  0.00000000   -0.04848083  0.00000000   -0.06639248  0.00000000
    7    2
 -0.06738022  0.00000000    0.04712781  0.00000000   -0.04850188  0.00000000
  0.04712781  0.00000000   -0.06738022  0.00000000    0.04850188  0.00000000
 -0.04842082  0.00000000    0.04842082  0.00000000   -0.06820776  0.00000000
    7    3
 -0.06820776  0.00000000   -0.04842082  0.00000000   -0.04842082  0.00000000
 -0.04850188  0.00000000   -0.06738022  0.00000000   -0.04712781  0.00000000
 -0.04850188  0.00000000   -0.04712781  0.00000000   -0.06738022  0.00000000
    7    4
 -0.06738022  0.00000000   -0.04850188  0.00000000    0.04712781  0.00000000
 -0.04842082  0.00000000   -0.06820776  0.00000000    0.04842082  0.00000000
  0.04712781  0.00000000    0.04850188  0.00000000   -0.06738022  0.00000000
    7    5
  0.03290448  0.00000000   -0.00036143  0.00000000   -0.00036143  0.00000000
  0.00036143  0.00000000   -0.01981162  0.00000000   -0.00126201  0.00000000
  0.00036143  0.00000000   -0.00126201  0.00000000   -0.01981162  0.00000000
    7    6
 -0.01981162  0.00000000    0.00036143  0.00000000    0.00126201  0.00000000
 -0.00036143  0.00000000    0.03290448  0.00000000    0.00036143  0.00000000
  0.00126201  0.00000000   -0.00036143  0.00000000   -0.01981162  0.00000000
    7    7
  0.26983479  0.00000000    0.00053054  0.00000000    0.00053054  0.00000000
  0.00053054  0.00000000    0.26983479  0.00000000   -0.00053054  0.00000000
  0.00053054  0.00000000   -0.00053054  0.00000000    0.26983479  0.00000000
    7    8
 -0.01981162  0.00000000    0.00126201  0.00000000    0.00036143  0.00000000
  0.00126201  0.00000000   -0.01981162  0.00000000   -0.00036143  0.00000000
 -0.00036143  0.00000000    0.00036143  0.00000000    0.03290448  0.00000000
    8    1
 -0.06639248  0.00000000    0.04848083  0.00000000   -0.04848083  0.00000000
  0.04848083  0.00000000   -0.06639248  0.00000000    0.04848083  0.00000000
 -0.04848083  0.00000000    0.04848083  0.00000000   -0.06639248  0.00000000
    8    2
 -0.06738022  0.00000000    0.04712781  0.00000000    0.04850188  0.00000000
  0.04712781  0.00000000   -0.06738022  0.00000000   -0.04850188  0.00000000
  0.04842082  0.00000000   -0.04842082  0.00000000   -0.06820776  0.00000000
    8    3
 -0.06820776  0.00000000   -0.04842082  0.00000000    0.04842082  0.00000000
 -0.04850188  0.00000000   -0.06738022  0.00000000    0.04712781  0.00000000
  0.04850188  0.00000000    0.04712781  0.00000000   -0.06738022  0.00000000
    8    4
 -0.06738022  0.00000000   -0.04850188  0.00000000   -0.04712781  0.00000000
 -0.04842082  0.00000000   -0.06820776  0.00000000   -0.04842082  0.00000000
 -0.04712781  0.00000000   -0.04850188  0.00000000   -0.06738022  0.00000000
    8    5
 -0.01981162  0.00000000    0.00036143  0.00000000   -0.00126201  0.00000000
 -0.00036143  0.00000000    0.03290448  0.00000000   -0.00036143  0.00000000
 -0.00126201  0.00000000    0.00036143  0.00000000   -0.01981162  0.00000000
    8    6
  0.03290448  0.00000000   -0.00036143  0.00000000    0.00036143  0.00000000
  0.00036143  0.00000000   -0.01981162  0.00000000    0.00126201  0.00000000
 -0.00036143  0.00000000    0.00126201  0.00000000   -0.01981162  0.00000000
    8    7
 -0.01981162  0.00000000    0.00126201  0.00000000   -0.00036143  0.00000000
  0.00126201  0.00000000   -0.01981162  0.00000000    0.00036143  0.00000000
  0.00036143  0.00000000   -0.00036143  0.00000000    0.03290448  0.00000000
    8    8
  0.26983479  0.00000000    0.00053054  0.00000000   -0.00053054  0.00000000
  0.00053054  0.00000000    0.26983479  0.00000000    0.00053054  0.00000000
 -0.00053054  0.00000000    0.00053054  0.00000000    0.26983479  0.00000000

     Diagonalizing the dynamical matrix

     q = (    0.000000000   0.000000000   0.000000000 ) 

 **************************************************************************
     freq (    1) =      -1.302752 [THz] =     -43.455123 [cm-1]
 ( -0.319877  0.000000  0.143800  0.000000  0.028793  0.000000 ) 
 ( -0.319795  0.000000  0.143763  0.000000  0.028867  0.000000 ) 
 ( -0.320701  0.000000  0.143763  0.000000  0.028786  0.000000 ) 
 ( -0.319795  0.000000  0.144170  0.000000  0.028786  0.000000 ) 
 ( -0.322460  0.000000  0.144636  0.000000  0.028781  0.000000 ) 
 ( -0.322548  0.000000  0.144548  0.000000  0.029318  0.000000 ) 
 ( -0.322987  0.000000  0.145612  0.000000  0.029757  0.000000 ) 
 ( -0.322899  0.000000  0.145524  0.000000  0.028342  0.000000 ) 
     freq (    2) =      -1.302752 [THz] =     -43.455123 [cm-1]
 ( -0.144180  0.000000 -0.320997  0.000000  0.001374  0.000000 ) 
 ( -0.144143  0.000000 -0.320915  0.000000  0.001377  0.000000 ) 
 ( -0.144551  0.000000 -0.320915  0.000000  0.001374  0.000000 ) 
 ( -0.144143  0.000000 -0.321824  0.000000  0.001374  0.000000 ) 
 ( -0.145951  0.000000 -0.324071  0.000000  0.000676  0.000000 ) 
 ( -0.145955  0.000000 -0.324076  0.000000  0.002096  0.000000 ) 
 ( -0.144975  0.000000 -0.323632  0.000000  0.001116  0.000000 ) 
 ( -0.144971  0.000000 -0.323636  0.000000  0.001656  0.000000 ) 
     freq (    3) =      -1.302752 [THz] =     -43.455123 [cm-1]
 ( -0.026827  0.000000  0.010548  0.000000 -0.350710  0.000000 ) 
 ( -0.026820  0.000000  0.010546  0.000000 -0.351614  0.000000 ) 
 ( -0.026896  0.000000  0.010546  0.000000 -0.350621  0.000000 ) 
 ( -0.026820  0.000000  0.010576  0.000000 -0.350621  0.000000 ) 
 ( -0.027584  0.000000  0.010066  0.000000 -0.353856  0.000000 ) 
 ( -0.026514  0.000000  0.011136  0.000000 -0.353807  0.000000 ) 
 ( -0.026546  0.000000  0.010148  0.000000 -0.353775  0.000000 ) 
 ( -0.027616  0.000000  0.011218  0.000000 -0.353889  0.000000 ) 
     freq (    4) =       4.331298 [THz] =     144.476561 [cm-1]
 ( -0.000000  0.000000 -0.000000  0.000000 -0.000000  0.000000 ) 
 (  0.253224 -0.000000  0.116653  0.000000  0.000000 -0.000000 ) 
 (  0.000000  0.000000 -0.116653  0.000000 -0.415065  0.000000 ) 
 ( -0.253224  0.000000  0.000000 -0.000000  0.415065  0.000000 ) 
 (  0.265849  0.000000 -0.080918  0.000000 -0.184931  0.000000 ) 
 ( -0.149201  0.000000  0.334132 -0.000000  0.184931  0.000000 ) 
 ( -0.265849  0.000000 -0.334132  0.000000  0.068283 -0.000000 ) 
 (  0.149201 -0.000000  0.080918  0.000000 -0.068283  0.000000 ) 
     freq (    5) =       4.331298 [THz] =     144.476561 [cm-1]
 ( -0.000000  0.000000  0.000000  0.000000 -0.000000  0.000000 ) 
 ( -0.310445  0.000000  0.383361 -0.000000  0.000000  0.000000 ) 
 (  0.000000 -0.000000 -0.383361  0.000000 -0.081654  0.000000 ) 
 (  0.310445  0.000000 -0.000000  0.000000  0.081654 -0.000000 ) 
 (  0.232499 -0.000000 -0.196042  0.000000 -0.036457  0.000000 ) 
 (  0.150848  0.000000 -0.114391  0.000000  0.036457 -0.000000 ) 
 ( -0.232499  0.000000  0.114391  0.000000 -0.346890  0.000000 ) 
 ( -0.150848  0.000000  0.196042 -0.000000  0.346890  0.000000 ) 
     freq (    6) =       4.331298 [THz] =     144.476561 [cm-1]
 (  0.000000  0.000000  0.000000  0.000000  0.000000  0.000000 ) 
 ( -0.299184  0.000000 -0.299058  0.000000 -0.000000  0.000000 ) 
 ( -0.000000  0.000000  0.299058  0.000000 -0.266576  0.000000 ) 
 (  0.299184  0.000000 -0.000000  0.000000  0.266576  0.000000 ) 
 ( -0.016240  0.000000 -0.282869  0.000000  0.299110  0.000000 ) 
 ( -0.282806  0.000000 -0.016304  0.000000 -0.299110  0.000000 ) 
 (  0.016240  0.000000  0.016304  0.000000 -0.000063  0.000000 ) 
 (  0.282806  0.000000  0.282869  0.000000  0.000063  0.000000 ) 
     freq (    7) =       4.331542 [THz] =     144.484677 [cm-1]
 (  0.353028  0.000000  0.354242  0.000000 -0.016037  0.000000 ) 
 ( -0.000470  0.000000 -0.000472  0.000000  0.016016  0.000000 ) 
 ( -0.352575  0.000000 -0.000472  0.000000  0.000021  0.000000 ) 
 ( -0.000470  0.000000 -0.353788  0.000000  0.000021  0.000000 ) 
 (  0.168771  0.000000  0.168164  0.000000  0.353342  0.000000 ) 
 (  0.184794  0.000000  0.184187  0.000000 -0.353325  0.000000 ) 
 ( -0.169146  0.000000 -0.184563  0.000000  0.000615  0.000000 ) 
 ( -0.185169  0.000000 -0.168540  0.000000 -0.000598  0.000000 ) 
     freq (    8) =       4.331542 [THz] =     144.484677 [cm-1]
 (  0.042957  0.000000 -0.020260  0.000000  0.498114  0.000000 ) 
 ( -0.000057  0.000000  0.000027  0.000000 -0.497475  0.000000 ) 
 ( -0.042902  0.000000  0.000027  0.000000 -0.000664  0.000000 ) 
 ( -0.000057  0.000000  0.020234  0.000000 -0.000664  0.000000 ) 
 (  0.238701  0.000000  0.270316  0.000000  0.011074  0.000000 ) 
 ( -0.258989  0.000000 -0.227374  0.000000 -0.011604  0.000000 ) 
 ( -0.238746  0.000000  0.227395  0.000000 -0.031846  0.000000 ) 
 (  0.258943  0.000000 -0.270294  0.000000  0.031317  0.000000 ) 
     freq (    9) =       4.331542 [THz] =     144.484677 [cm-1]
 ( -0.351994  0.000000  0.352811  0.000000  0.044706  0.000000 ) 
 (  0.000469  0.000000 -0.000470  0.000000 -0.044648  0.000000 ) 
 (  0.351542  0.000000 -0.000470  0.000000 -0.000060  0.000000 ) 
 (  0.000469  0.000000 -0.352358  0.000000 -0.000060  0.000000 ) 
 (  0.198776  0.000000 -0.153700  0.000000  0.000385  0.000000 ) 
 (  0.154108  0.000000 -0.198368  0.000000 -0.000432  0.000000 ) 
 ( -0.198402  0.000000  0.197993  0.000000  0.352078  0.000000 ) 
 ( -0.153734  0.000000  0.153325  0.000000 -0.352125  0.000000 ) 
     freq (   10) =      12.031026 [THz] =     401.311846 [cm-1]
 ( -0.000000  0.000000  0.000000  0.000000  0.000000  0.000000 ) 
 (  0.000000  0.000000 -0.000000  0.000000  0.000000  0.000000 ) 
 ( -0.000000  0.000000 -0.000000  0.000000 -0.000000  0.000000 ) 
 (  0.000000  0.000000  0.000000  0.000000 -0.000000  0.000000 ) 
 ( -0.328255  0.000000  0.374334  0.000000 -0.046079  0.000000 ) 
 (  0.328255  0.000000 -0.374334  0.000000 -0.046079  0.000000 ) 
 ( -0.328255  0.000000 -0.374334  0.000000  0.046079  0.000000 ) 
 (  0.328255  0.000000  0.374334  0.000000  0.046079  0.000000 ) 
     freq (   11) =      12.031026 [THz] =     401.311846 [cm-1]
 ( -0.000000  0.000000  0.000000  0.000000 -0.000000  0.000000 ) 
 (  0.000000  0.000000 -0.000000  0.000000 -0.000000  0.000000 ) 
 ( -0.000000  0.000000 -0.000000  0.000000  0.000000  0.000000 ) 
 (  0.000000  0.000000  0.000000  0.000000  0.000000  0.000000 ) 
 (  0.242725  0.000000  0.162914  0.000000 -0.405639  0.000000 ) 
 ( -0.242725  0.000000 -0.162914  0.000000 -0.405639  0.000000 ) 
 (  0.242725  0.000000 -0.162914  0.000000  0.405639  0.000000 ) 
 ( -0.242725  0.000000  0.162914  0.000000  0.405639  0.000000 ) 
     freq (   12) =      12.031480 [THz] =     401.326968 [cm-1]
 ( -0.000000  0.000000  0.000000  0.000000 -0.000000  0.000000 ) 
 (  0.000000  0.000000 -0.000000  0.000000 -0.000000  0.000000 ) 
 ( -0.000000  0.000000 -0.000000  0.000000  0.000000  0.000000 ) 
 (  0.000000  0.000000  0.000000  0.000000  0.000000  0.000000 ) 
 (  0.288675 -0.000000  0.288675 -0.000000  0.288675 -0.000000 ) 
 ( -0.288675  0.000000 -0.288675  0.000000  0.288675 -0.000000 ) 
 (  0.288675 -0.000000 -0.288675  0.000000 -0.288675  0.000000 ) 
 ( -0.288675  0.000000  0.288675 -0.000000 -0.288675  0.000000 ) 
     freq (   13) =      12.033980 [THz] =     401.410359 [cm-1]
 (  0.355303  0.000000 -0.330705  0.000000 -0.042213  0.000000 ) 
 ( -0.364247  0.000000  0.339029  0.000000 -0.044461  0.000000 ) 
 (  0.374223  0.000000  0.339029  0.000000  0.043275  0.000000 ) 
 ( -0.364247  0.000000 -0.348315  0.000000  0.043275  0.000000 ) 
 ( -0.005141  0.000000  0.004367  0.000000  0.000368  0.000000 ) 
 ( -0.004103  0.000000  0.005406  0.000000 -0.000237  0.000000 ) 
 (  0.004033  0.000000 -0.004374  0.000000 -0.008373  0.000000 ) 
 (  0.002995  0.000000 -0.003336  0.000000  0.008505  0.000000 ) 
     freq (   14) =      12.033980 [THz] =     401.410359 [cm-1]
 ( -0.157107  0.000000 -0.220498  0.000000  0.405076  0.000000 ) 
 (  0.161061  0.000000  0.226048  0.000000  0.426646  0.000000 ) 
 ( -0.165473  0.000000  0.226048  0.000000 -0.415272  0.000000 ) 
 (  0.161061  0.000000 -0.232240  0.000000 -0.415272  0.000000 ) 
 (  0.002515  0.000000  0.003394  0.000000 -0.005277  0.000000 ) 
 ( -0.007450  0.000000 -0.006572  0.000000  0.004013  0.000000 ) 
 ( -0.002026  0.000000  0.007259  0.000000 -0.001411  0.000000 ) 
 (  0.007940  0.000000 -0.002706  0.000000  0.000148  0.000000 ) 
     freq (   15) =      12.033980 [THz] =     401.410359 [cm-1]
 (  0.294050  0.000000  0.281785  0.000000  0.267432  0.000000 ) 
 ( -0.301451  0.000000 -0.288878  0.000000  0.281673  0.000000 ) 
 (  0.309708  0.000000 -0.288878  0.000000 -0.274164  0.000000 ) 
 ( -0.301451  0.000000  0.296790  0.000000 -0.274164  0.000000 ) 
 (  0.006298  0.000000  0.006467  0.000000  0.006666  0.000000 ) 
 ( -0.000282  0.000000 -0.000112  0.000000 -0.007500  0.000000 ) 
 ( -0.007215  0.000000 -0.000767  0.000000 -0.000568  0.000000 ) 
 ( -0.000635  0.000000 -0.007346  0.000000 -0.000266  0.000000 ) 
     freq (   16) =      13.429451 [THz] =     447.958282 [cm-1]
 ( -0.000000  0.000000 -0.000000  0.000000 -0.000000  0.000000 ) 
 (  0.005976  0.000000 -0.228760  0.000000  0.000000  0.000000 ) 
 (  0.000000  0.000000  0.228760  0.000000 -0.444549  0.000000 ) 
 ( -0.005976  0.000000  0.000000  0.000000  0.444549  0.000000 ) 
 ( -0.107899  0.000000  0.219295  0.000000 -0.111396  0.000000 ) 
 (  0.336667  0.000000 -0.225271  0.000000  0.111396  0.000000 ) 
 (  0.107899  0.000000  0.225271  0.000000 -0.117372  0.000000 ) 
 ( -0.336667  0.000000 -0.219295  0.000000  0.117372  0.000000 ) 
     freq (   17) =      13.429451 [THz] =     447.958282 [cm-1]
 (  0.000000  0.000000 -0.000000  0.000000  0.000000  0.000000 ) 
 (  0.376877  0.000000 -0.290064  0.000000 -0.000000  0.000000 ) 
 ( -0.000000  0.000000  0.290064  0.000000  0.154330  0.000000 ) 
 ( -0.376877  0.000000  0.000000  0.000000 -0.154330  0.000000 ) 
 (  0.222205  0.000000 -0.265613  0.000000  0.043408  0.000000 ) 
 (  0.067870  0.000000 -0.111278  0.000000 -0.043408  0.000000 ) 
 ( -0.222205  0.000000  0.111278  0.000000 -0.333483  0.000000 ) 
 ( -0.067870  0.000000  0.265613  0.000000  0.333483  0.000000 ) 
     freq (   18) =      13.429451 [THz] =     447.958282 [cm-1]
 (  0.000000  0.000000  0.000000  0.000000 -0.000000  0.000000 ) 
 ( -0.328510  0.000000 -0.336931  0.000000  0.000000  0.000000 ) 
 ( -0.000000  0.000000  0.336931  0.000000  0.168965  0.000000 ) 
 (  0.328510  0.000000 -0.000000  0.000000 -0.168965  0.000000 ) 
 (  0.252958  0.000000  0.079775  0.000000 -0.332733  0.000000 ) 
 (  0.083986  0.000000  0.248747  0.000000  0.332733  0.000000 ) 
 ( -0.252958  0.000000 -0.248747  0.000000 -0.004211  0.000000 ) 
 ( -0.083986  0.000000 -0.079775  0.000000  0.004211  0.000000 ) 
     freq (   19) =      13.517391 [THz] =     450.891613 [cm-1]
 (  0.360361  0.000000 -0.382778  0.000000  0.045719  0.000000 ) 
 (  0.002410  0.000000 -0.002560  0.000000 -0.040799  0.000000 ) 
 ( -0.321576  0.000000 -0.002560  0.000000  0.000306  0.000000 ) 
 (  0.002410  0.000000  0.341581  0.000000  0.000306  0.000000 ) 
 (  0.149419  0.000000 -0.181455  0.000000  0.009329  0.000000 ) 
 (  0.192690  0.000000 -0.138184  0.000000 -0.011888  0.000000 ) 
 ( -0.169587  0.000000  0.159606  0.000000  0.350390  0.000000 ) 
 ( -0.212858  0.000000  0.202877  0.000000 -0.352949  0.000000 ) 
     freq (   20) =      13.517391 [THz] =     450.891613 [cm-1]
 ( -0.301622  0.000000 -0.318938  0.000000 -0.292869  0.000000 ) 
 ( -0.002017  0.000000 -0.002133  0.000000  0.261348  0.000000 ) 
 (  0.269159  0.000000 -0.002133  0.000000 -0.001959  0.000000 ) 
 ( -0.002017  0.000000  0.284612  0.000000 -0.001959  0.000000 ) 
 (  0.297960  0.000000  0.290250  0.000000  0.301858  0.000000 ) 
 (  0.020777  0.000000  0.013067  0.000000 -0.285467  0.000000 ) 
 ( -0.281080  0.000000  0.004782  0.000000  0.016390  0.000000 ) 
 ( -0.003896  0.000000 -0.272401  0.000000  0.000001  0.000000 ) 
     freq (   21) =      13.517391 [THz] =     450.891613 [cm-1]
 ( -0.240070  0.000000 -0.173864  0.000000  0.436586  0.000000 ) 
 ( -0.001606  0.000000 -0.001163  0.000000 -0.389597  0.000000 ) 
 (  0.214232  0.000000 -0.001163  0.000000  0.002920  0.000000 ) 
 ( -0.001606  0.000000  0.155152  0.000000  0.002920  0.000000 ) 
 ( -0.117608  0.000000 -0.088130  0.000000  0.183665  0.000000 ) 
 (  0.295596  0.000000  0.325073  0.000000 -0.208099  0.000000 ) 
 (  0.131043  0.000000 -0.315343  0.000000 -0.043547  0.000000 ) 
 ( -0.282160  0.000000  0.097861  0.000000  0.019113  0.000000 ) 
     freq (   22) =      15.038693 [THz] =     501.636816 [cm-1]
 (  0.027618  0.000000 -0.330235  0.000000  0.011010  0.000000 ) 
 (  0.029652  0.000000 -0.354560  0.000000  0.012456  0.000000 ) 
 (  0.031244  0.000000 -0.354560  0.000000  0.011821  0.000000 ) 
 (  0.029652  0.000000 -0.373595  0.000000  0.011821  0.000000 ) 
 ( -0.039720  0.000000  0.351609  0.000000 -0.021558  0.000000 ) 
 ( -0.040439  0.000000  0.350890  0.000000 -0.001803  0.000000 ) 
 ( -0.018880  0.000000  0.349806  0.000000 -0.023361  0.000000 ) 
 ( -0.018161  0.000000  0.349087  0.000000  0.000000  0.000000 ) 
     freq (   23) =      15.038693 [THz] =     501.636816 [cm-1]
 (  0.330262  0.000000  0.027930  0.000000  0.009302  0.000000 ) 
 (  0.354588  0.000000  0.029988  0.000000  0.010523  0.000000 ) 
 (  0.373625  0.000000  0.029988  0.000000  0.009987  0.000000 ) 
 (  0.354588  0.000000  0.031598  0.000000  0.009987  0.000000 ) 
 ( -0.349161  0.000000 -0.018548  0.000000  0.001823  0.000000 ) 
 ( -0.349768  0.000000 -0.019155  0.000000 -0.021560  0.000000 ) 
 ( -0.351591  0.000000 -0.040108  0.000000 -0.019737  0.000000 ) 
 ( -0.350984  0.000000 -0.040715  0.000000 -0.000000  0.000000 ) 
     freq (   24) =      15.038693 [THz] =     501.636816 [cm-1]
 (  0.010192  0.000000 -0.010192  0.000000 -0.331258  0.000000 ) 
 (  0.010943  0.000000 -0.010943  0.000000 -0.374752  0.000000 ) 
 (  0.011530  0.000000 -0.010943  0.000000 -0.355658  0.000000 ) 
 (  0.010943  0.000000 -0.011530  0.000000 -0.355658  0.000000 ) 
 ( -0.021958  0.000000  0.000333  0.000000  0.351433  0.000000 ) 
 ( -0.000333  0.000000  0.021958  0.000000  0.351433  0.000000 ) 
 (  0.000333  0.000000 -0.000333  0.000000  0.350767  0.000000 ) 
 ( -0.021293  0.000000  0.021293  0.000000  0.352098  0.000000 ) 
 **************************************************************************
